[Player]
BallTrailStrength = 0.196078
OverrideTableEmissionScale = 0

[TableOverride]
ViewCabMode = 0
ViewCabScaleX = 0.788676
ViewCabScaleY = 1.053351
ViewCabScaleZ = 0.774757
ViewCabRotation = 90.000000
ViewCabPlayerX = 112.029991
ViewCabPlayerY = 1.325002
ViewCabPlayerZ = -340.000000
ViewCabLookAt = 5.420700
ViewCabFOV = 42.999908
ViewCabLayback = 50.848709